64
640
534
328
986
428
418
125
337
48
734
653
998
612
666
441
480
459
181
662
511
482
299
539
580
601
86
916
605
691
320
378
445
11
299
257
369
80
533
799
698
869
250
111
544
603
295
631
246
641
722
653
259
658
911
734
21
556
215
625
749
481
230
95
822
595
755
808
193
705
648
29
201
616
470
646
373
501
815
660
576
79
160
304
396
958
543
832
152
620
707
638
360
728
212
804
612
310
518
275
201
865
798
858
392
71
217
903
757
55
680
95
959
84
377
570
709
908
597
70
952
37
739
331
102
113
534
206
558
466
781
885
422
356
780
309
772
999
211
196
271
545
281
210
224
180
399
200
771
574
254
88
456
224
981
436
619
436
624
969
152
586
671
382
667
306
52
968
779
213
779
282
49
821
765
715
800
681
643
485
340
465
438
364
593
122
233
570
662
274
470
339
203
688
614
244
935
407
14
991
83
264
379
121
913
872
65
156
594
712
744
614
45
246
944
897
554
748
473
719
845
428
808
932
271
88
545
338
213
791
835
338
167
534
647
623
102
235
830
857
123
383
646
935
801
418
238
419
455
241
319
937
87
64
258
529
148
680
510
700
646
746
368
571
770
597
752
891
291
871
520
517
234
690
694
84
237
343
609
258
249
403
185
559
952
771
169
107
547
587
763
546
996
202
289
901
376
720
960
295
866
132
317
615
621
551
158
826
326
320
147
574
219
954
194
873
641
617
663
465
437
606
178
153
602
420
53
66
671
76
856
355
607
767
470
377
217
857
94
61
647
692
665
64
582
621
576
464
503
195
731
240
404
538
513
862
373
135
956
684
504
805
232
682
951
815
595
631
764
222
384
697
369
465
863
817
503
899
782
70
875
142
21
475
472
975
68
419
706
306
988
941
541
888
373
961
746
938
368
746
178
325
423
71
228
672
99
88
267
310
667
497
400
748
18
943
406
623
223
602
402
551
969
530
589
378
691
253
407
953
115
902
364
761
899
345
253
211
557
400
97
245
291
842
180
762
88
151
200
861
880
193
122
538
491
57
295
119
810
559
929
424
124
807
297
927
633
282
258
109
325
144
445
11
916
175
12
269
154
96
871
190
964
516
715
868
888
642
720
756
852
96
815
53
147
882
863
115
927
406
441
744
121
303
512
794
342
803
174
685
94
616
306
872
987
594
636
906
384
162
589
948
63
511
138
887
94
382
14
686
126
515
583
265
429
300
818
807
345
354
435
804
541
87
482
20
389
906
106
59
729
872
737
341
864
63
341
552
330
864
981
835
142
678
157
727
600
666
635
933
230
484
53
56
899
568
540
975
196
120
619
555
956
990
251
362
336
741
575
182
287
734
598
541
923
45
796
74
836
175
548
170
403
748
941
96
237
875
545
547
460
838
286
609
259
238
35
354
427
253
372
73
845
104
84
671
739
710
61
257
807
589
888
286
684
370
446
944
647
240
500
787
