3473

                                                                                                                        Genotype
================================================================================================================================
24, 1, 2, 19, 0, 2, 6, 7, 8, 9, 10, 11, 12, 21, 8, 24, 16, 7, 11, 19, 20, 21, 13, 7, 12, 3, 23, 0, 13, 14, 14, 10, 4, 0, 22, 15, 24, 0, 18, 7, 17, 5, 11, 8, 24, 0, 6, 1, 23, 13, 3, 21, 5, 15, 16, 17, 1, 4, 8, 2, 12, 1, 17, 19, 15, 11, 16, 21, 8, 0, 1, 24, 4, 4, 9, 1, 17, 1, 15, 10, 23, 13, 11, 7, 14, 16, 19, 1, 14, 8, 18, 8, 0, 20, 15, 21, 21, 7, 22, 13, 6, 19, 2, 1, 16, 19, 8, 6, 12, 24, 21, 22, 5, 16, 18, 22, 3, 13, 21, 5, 0, 23, 8, 6, 5, 16, 17, 14, 23, 18, 10, 9, 12, 21, 6, 11, 15, 7, 18, 4, 2, 20, 8, 13, 7, 4, 1, 17, 11, 8, 24, 5, 19, 5, 0, 18, 14, 10, 23, 2, 10, 13, 0, 16, 9, 13, 3, 14, 22, 18, 0, 6, 20, 16, 10, 3, 23, 12, 20, 7, 23, 18, 11, 19, 14, 4, 3, 3, 15, 1, 8, 20, 10, 24, 4, 21, 7, 5, 

                                                                                                                  Assigment list
================================================================================================================================
Processor 0: 98 14 140 128 743 3 478 681 246 25 917 
Duration: 3473
Processor 1: 462 490 44 17 58 508 15 198 777 405 494 
Duration: 3468
Processor 2: 779 316 484 961 171 762 
Duration: 3473
Processor 3: 547 543 908 368 373 576 99 
Duration: 3414
Processor 4: 621 907 7 60 16 899 14 943 
Duration: 3467
Processor 5: 260 915 41 37 420 880 838 82 
Duration: 3473
Processor 6: 450 923 590 6 16 614 873 
Duration: 3472
Processor 7: 901 45 467 18 29 971 2 39 976 10 
Duration: 3458
Processor 8: 372 16 751 18 373 150 480 91 133 92 833 159 
Duration: 3468
Processor 9: 941 980 606 858 
Duration: 3385
Processor 10: 94 822 832 571 23 211 357 555 
Duration: 3465
Processor 11: 366 311 419 431 2 933 581 417 
Duration: 3460
Processor 12: 781 214 718 419 461 871 
Duration: 3464
Processor 13: 168 499 527 300 846 45 225 836 1 
Duration: 3447
Processor 14: 283 981 6 701 597 563 1 334 
Duration: 3466
Processor 15: 364 359 11 568 380 1000 781 
Duration: 3463
Processor 16: 686 90 657 11 241 557 749 439 41 
Duration: 3471
Processor 17: 646 28 820 813 454 670 
Duration: 3431
Processor 18: 794 500 204 279 461 1 945 272 
Duration: 3456
Processor 19: 6 744 592 8 923 16 874 303 
Duration: 3466
Processor 20: 784 878 478 100 386 833 
Duration: 3459
Processor 21: 23 842 60 428 193 367 456 686 271 144 
Duration: 3470
Processor 22: 895 276 982 374 932 
Duration: 3459
Processor 23: 74 478 625 576 820 280 509 96 
Duration: 3458
Processor 24: 157 200 185 532 618 403 867 502 
Duration: 3464
