9784

                                                                                                                        Genotype
================================================================================================================================
0, 1, 2, 3, 4, 17, 6, 40, 8, 43, 29, 11, 12, 13, 14, 15, 42, 17, 48, 19, 20, 21, 22, 23, 24, 25, 26, 25, 28, 29, 30, 3, 32, 31, 34, 35, 36, 37, 38, 39, 40, 41, 42, 43, 44, 45, 46, 47, 48, 49, 31, 16, 43, 7, 0, 18, 21, 1, 47, 18, 31, 10, 14, 41, 3, 46, 9, 42, 7, 33, 3, 21, 17, 47, 48, 26, 24, 27, 39, 36, 22, 33, 24, 2, 23, 44, 24, 12, 11, 30, 35, 49, 8, 3, 18, 11, 14, 7, 18, 37, 3, 46, 31, 16, 0, 5, 6, 29, 13, 16, 45, 21, 20, 32, 48, 34, 28, 49, 27, 40, 19, 45, 15, 21, 41, 4, 37, 30, 15, 20, 34, 26, 25, 48, 31, 4, 23, 44, 36, 18, 14, 48, 28, 38, 24, 8, 22, 38, 39, 1, 42, 14, 17, 9, 47, 8, 10, 40, 2, 1, 24, 39, 16, 12, 25, 11, 2, 32, 8, 13, 35, 41, 29, 36, 25, 33, 8, 6, 5, 43, 27, 36, 19, 14, 0, 21, 20, 45, 44, 46, 18, 45, 0, 19, 27, 28, 44, 4, 39, 8, 15, 1, 17, 33, 16, 7, 31, 49, 37, 24, 10, 6, 18, 38, 42, 48, 41, 22, 3, 30, 4, 36, 26, 43, 34, 23, 27, 18, 41, 8, 7, 38, 35, 48, 15, 34, 47, 28, 35, 1, 2, 3, 40, 44, 10, 21, 6, 12, 8, 4, 2, 4, 28, 20, 3, 28, 14, 46, 22, 10, 11, 48, 5, 13, 33, 38, 29, 22, 32, 47, 30, 44, 6, 40, 31, 45, 5, 41, 12, 9, 25, 9, 7, 1, 42, 11, 49, 4, 24, 39, 14, 11, 39, 0, 34, 39, 36, 34, 18, 15, 16, 17, 19, 27, 29, 23, 20, 1, 41, 11, 47, 18, 10, 18, 42, 31, 2, 37, 38, 48, 5, 13, 46, 28, 6, 20, 46, 17, 31, 45, 44, 4, 47, 30, 43, 8, 14, 21, 41, 27, 35, 45, 25, 26, 49, 9, 31, 17, 34, 13, 33, 41, 6, 0, 31, 22, 46, 7, 37, 45, 31, 12, 8, 26, 18, 34, 48, 12, 32, 26, 3, 20, 40, 21, 5, 24, 39, 24, 17, 24, 15, 38, 43, 30, 2, 16, 20, 20, 33, 46, 48, 27, 20, 14, 19, 29, 30, 11, 0, 15, 18, 21, 10, 36, 1, 17, 30, 37, 47, 42, 37, 30, 5, 12, 25, 28, 15, 23, 13, 4, 26, 44, 42, 36, 38, 49, 11, 16, 14, 2, 43, 43, 1, 41, 30, 34, 42, 16, 6, 45, 9, 0, 14, 6, 28, 7, 20, 19, 25, 9, 29, 24, 30, 36, 5, 40, 8, 18, 31, 4, 40, 22, 46, 32, 36, 19, 35, 47, 27, 44, 3, 12, 42, 44, 23, 48, 28, 25, 13, 20, 34, 37, 39, 42, 40, 19, 4, 4, 10, 47, 21, 26, 0, 44, 45, 17, 28, 15, 8, 33, 18, 46, 29, 1, 38, 31, 30, 43, 2, 18, 31, 22, 42, 49, 29, 23, 4, 11, 9, 36, 42, 16, 8, 14, 41, 34, 31, 12, 28, 15, 5, 6, 7, 40, 21, 40, 38, 27, 19, 22, 24, 33, 43, 3, 23, 32, 20, 37, 6, 45, 25, 11, 5, 22, 34, 25, 44, 12, 9, 48, 35, 30, 3, 44, 29, 4, 17, 31, 22, 39, 11, 0, 26, 2, 25, 24, 32, 13, 25, 0, 41, 11, 19, 6, 10, 36, 18, 39, 47, 23, 49, 7, 4, 5, 10, 20, 15, 21, 47, 17, 33, 38, 46, 9, 34, 25, 27, 20, 0, 46, 5, 1, 44, 16, 48, 28, 2, 42, 14, 19, 6, 28, 4, 8, 32, 34, 45, 30, 33, 13, 39, 35, 40, 24, 3, 39, 46, 36, 18, 39, 30, 22, 31, 49, 12, 45, 19, 21, 14, 37, 25, 21, 29, 43, 10, 20, 1, 17, 18, 1, 31, 24, 23, 14, 3, 42, 13, 14, 42, 26, 49, 5, 5, 1, 33, 0, 34, 11, 8, 36, 9, 41, 18, 40, 3, 7, 47, 46, 12, 44, 30, 37, 36, 4, 42, 2, 7, 11, 48, 16, 22, 29, 21, 30, 38, 11, 27, 22, 43, 17, 23, 27, 3, 2, 20, 6, 34, 15, 25, 43, 32, 9, 31, 35, 28, 4, 44, 45, 13, 24, 19, 39, 17, 1, 40, 47, 27, 42, 12, 46, 19, 21, 29, 3, 10, 30, 12, 41, 47, 15, 36, 35, 7, 26, 25, 15, 20, 41, 39, 32, 14, 43, 22, 1, 25, 34, 9, 23, 33, 19, 28, 5, 8, 49, 38, 9, 7, 0, 18, 43, 23, 41, 38, 37, 11, 4, 33, 47, 16, 48, 30, 32, 0, 45, 31, 44, 35, 18, 25, 6, 5, 24, 26, 15, 21, 4, 3, 35, 42, 44, 13, 28, 39, 2, 15, 14, 17, 49, 29, 9, 10, 37, 20, 43, 0, 2, 5, 4, 13, 25, 40, 33, 8, 4, 24, 31, 27, 47, 30, 38, 32, 22, 11, 23, 3, 42, 19, 36, 41, 12, 30, 46, 20, 24, 7, 9, 43, 16, 17, 5, 13, 14, 47, 39, 14, 41, 48, 7, 34, 45, 24, 11, 0, 19, 18, 49, 19, 6, 5, 21, 33, 25, 26, 41, 1, 31, 6, 17, 17, 29, 16, 28, 22, 18, 12, 27, 2, 35, 11, 48, 4, 15, 24, 44, 46, 36, 4, 39, 37, 34, 10, 27, 11, 1, 13, 2, 38, 5, 32, 21, 40, 3, 41, 7, 0, 15, 16, 48, 16, 17, 27, 30, 49, 30, 18, 6, 48, 13, 7, 29, 29, 40, 45, 28, 23, 2, 43, 9, 14, 8, 1, 26, 47, 30, 49, 42, 36, 32, 23, 39, 38, 45, 47, 35, 31, 20, 31, 8, 19, 12, 33, 21, 6, 10, 22, 21, 25, 31, 43, 17, 4, 41, 1, 5, 18, 43, 46, 9, 27, 28, 37, 37, 12, 11, 21, 2, 41, 29, 44, 14, 

                                                                                                                  Assigment list
================================================================================================================================
Processor 0: 35 644 736 154 915 590 383 337 562 801 71 253 668 980 187 721 262 564 914 
Duration: 9777
Processor 1: 93 922 168 451 749 159 805 13 328 726 817 410 20 178 876 123 881 345 683 65 959 
Duration: 9771
Processor 2: 412 745 87 711 115 606 671 453 795 640 407 647 297 992 991 88 153 311 464 163 
Duration: 9748
Processor 3: 237 139 320 386 91 899 196 168 466 981 872 136 697 234 190 599 174 954 308 802 868 
Duration: 9717
Processor 4: 801 73 940 67 246 369 167 392 855 394 315 4 250 777 47 296 660 230 603 194 201 47 670 76 749 343 
Duration: 9766
Processor 5: 680 830 105 974 143 330 492 825 558 28 164 609 964 40 286 184 506 256 443 663 704 
Duration: 9784
Processor 6: 553 677 380 263 259 723 21 889 242 966 563 50 119 891 875 701 115 534 344 612 
Duration: 9777
Processor 7: 230 358 752 245 460 665 846 973 524 965 265 547 202 865 322 603 779 175 
Duration: 9776
Processor 8: 818 29 75 224 617 22 353 121 849 325 909 411 272 988 499 937 552 753 211 818 
Duration: 9783
Processor 9: 459 914 5 633 943 808 374 454 344 661 394 545 76 757 60 950 398 976 
Duration: 9751
Processor 10: 894 624 457 151 478 857 944 962 632 196 777 693 762 660 697 
Duration: 9784
Processor 11: 390 63 656 944 431 117 128 680 326 929 431 132 81 927 159 887 116 555 273 198 969 44 342 
Duration: 9778
Processor 12: 453 763 787 327 883 324 409 575 670 299 799 388 523 61 980 211 799 455 69 
Duration: 9775
Processor 13: 690 599 922 508 507 92 652 992 502 345 427 991 222 265 868 195 961 
Duration: 9738
Processor 14: 217 710 42 104 358 764 513 86 541 501 138 862 915 297 123 966 68 516 413 66 860 517 206 
Duration: 9783
Processor 15: 769 857 246 308 620 776 128 15 852 407 568 964 401 54 437 941 158 277 991 
Duration: 9769
Processor 16: 503 971 122 2 907 801 421 83 925 874 783 965 599 356 404 200 800 
Duration: 9716
Processor 17: 297 304 730 606 920 220 196 318 212 726 735 270 561 487 263 798 394 335 424 71 367 522 
Duration: 9756
Processor 18: 157 434 70 99 606 359 123 333 76 584 224 671 184 276 893 508 517 26 252 942 207 913 17 452 480 375 
Duration: 9778
Processor 19: 753 635 181 908 870 728 16 844 160 377 328 241 777 135 70 713 268 32 971 773 
Duration: 9780
Processor 20: 699 120 784 299 787 627 245 123 10 55 833 158 774 490 238 463 437 471 351 314 952 544 
Duration: 9774
Processor 21: 64 236 396 90 650 546 919 361 229 983 486 526 513 481 127 432 595 704 458 528 38 191 231 
Duration: 9784
Processor 22: 989 102 793 450 79 859 884 949 28 23 71 705 582 167 554 770 509 852 403 
Duration: 9769
Processor 23: 413 481 971 729 971 996 68 796 57 652 461 585 126 612 846 123 894 
Duration: 9781
Processor 24: 409 88 34 743 360 523 723 879 157 14 712 981 8 620 189 448 731 279 204 466 247 948 
Duration: 9763
Processor 25: 713 336 384 115 995 589 703 368 316 820 151 91 42 432 385 601 430 81 346 271 497 988 112 
Duration: 9766
Processor 26: 324 517 979 902 376 473 221 804 638 934 673 451 762 720 973 
Duration: 9747
Processor 27: 413 821 290 185 691 349 498 753 824 588 987 226 993 164 608 406 86 547 355 
Duration: 9784
Processor 28: 959 185 630 172 189 225 621 882 321 142 588 149 589 732 270 506 378 794 974 189 246 
Duration: 9741
Processor 29: 19 689 637 905 342 873 549 495 17 575 575 380 470 608 723 552 129 464 753 
Duration: 9755
Processor 30: 691 162 974 470 547 491 186 224 72 248 218 527 618 359 234 441 90 461 483 397 114 810 107 209 615 
Duration: 9748
Processor 31: 295 33 531 185 809 617 388 411 47 79 100 942 469 7 281 369 838 100 601 774 174 204 769 165 132 386 
Duration: 9706
Processor 32: 705 559 894 987 920 943 702 50 883 423 438 233 733 318 986 
Duration: 9774
Processor 33: 110 938 302 568 821 343 984 980 237 301 445 930 417 123 435 955 868 
Duration: 9757
Processor 34: 838 320 989 677 40 22 476 137 638 483 526 287 391 256 487 336 530 986 407 936 
Duration: 9762
Processor 35: 516 778 656 355 969 813 978 660 817 615 364 947 89 666 523 
Duration: 9746
Processor 36: 360 561 420 42 432 705 988 233 405 59 618 650 527 349 112 616 887 578 342 884 
Duration: 9768
Processor 37: 646 163 891 985 904 71 96 848 169 904 388 919 323 890 821 418 345 
Duration: 9781
Processor 38: 977 30 916 184 766 198 642 433 792 409 533 976 657 614 162 799 253 417 
Duration: 9758
Processor 39: 318 672 188 401 838 72 327 419 696 886 170 421 74 865 42 796 251 499 969 438 438 
Duration: 9780
Processor 40: 1 752 350 833 299 970 885 203 277 544 13 913 450 504 927 927 124 778 
Duration: 9750
Processor 41: 797 42 508 466 133 407 172 184 329 802 966 470 945 560 216 215 792 79 175 444 562 287 232 
Duration: 9783
Processor 42: 13 261 763 440 654 250 916 244 430 367 404 137 147 933 332 42 685 44 574 353 994 791 
Duration: 9774
Processor 43: 61 985 109 459 883 483 473 787 25 454 991 509 548 57 168 656 17 939 390 327 458 
Duration: 9779
Processor 44: 330 490 587 97 389 111 224 918 769 12 249 732 108 422 719 373 814 85 910 990 448 
Duration: 9777
Processor 45: 693 74 698 468 239 636 398 219 765 592 626 666 196 769 329 676 779 151 694 
Duration: 9668
Processor 46: 256 355 873 632 640 88 323 275 738 406 977 105 313 416 545 792 526 856 647 
Duration: 9763
Processor 47: 987 66 24 882 311 362 207 752 588 305 969 907 146 679 230 63 398 253 948 81 624 
Duration: 9782
Processor 48: 134 323 530 130 87 827 167 251 506 521 185 891 915 459 777 981 681 338 443 243 368 
Duration: 9757
Processor 49: 738 131 861 752 523 836 835 815 522 255 990 401 1000 37 193 832 
Duration: 9721
