11007

                                                                                                                        Genotype
================================================================================================================================
0, 7, 2, 3, 4, 5, 4, 7, 8, 9, 6, 3, 0, 1, 7, 4, 2, 9, 4, 3, 0, 8, 7, 0, 6, 9, 4, 3, 5, 6, 4, 3, 3, 0, 3, 4, 9, 5, 2, 4, 4, 4, 1, 7, 7, 5, 8, 6, 8, 4, 3, 2, 9, 1, 1, 7, 6, 1, 3, 0, 9, 5, 7, 7, 8, 3, 0, 5, 2, 3, 1, 8, 9, 6, 1, 2, 5, 8, 0, 1, 7, 4, 3, 5, 1, 7, 3, 4, 0, 9, 7, 6, 1, 8, 2, 5, 4, 9, 9, 5, 1, 6, 3, 1, 2, 0, 5, 1, 7, 4, 1, 8, 3, 5, 2, 9, 9, 2, 0, 6, 1, 6, 1, 7, 3, 4, 6, 6, 8, 5, 2, 2, 0, 9, 1, 6, 4, 7, 5, 3, 6, 0, 8, 8, 4, 4, 7, 9, 2, 1, 7, 0, 3, 6, 1, 5, 4, 9, 8, 2, 6, 8, 6, 0, 9, 3, 1, 5, 1, 0, 7, 2, 8, 8, 3, 4, 9, 4, 8, 7, 6, 5, 6, 7, 5, 3, 9, 1, 8, 4, 0, 3, 6, 7, 9, 2, 8, 5, 2, 4, 

                                                                                                                  Assigment list
================================================================================================================================
Processor 0: 337 419 118 495 741 327 340 564 723 751 613 711 400 669 31 915 2848 
Duration: 11002
Processor 1: 979 795 645 115 992 783 180 318 933 191 157 106 313 503 692 43 881 178 381 65 895 858 
Duration: 11003
Processor 2: 605 887 813 692 537 976 307 551 145 709 71 788 290 675 819 2129 1 
Duration: 10995
Processor 3: 255 454 505 55 125 90 798 241 416 791 911 989 173 499 765 759 637 483 534 385 170 970 
Duration: 11005
Processor 4: 554 117 149 335 167 243 127 103 705 69 424 705 266 782 792 505 542 115 384 931 81 368 613 1918 
Duration: 10995
Processor 5: 984 705 260 806 316 560 440 140 76 290 477 852 550 781 415 861 18 641 1827 
Duration: 10999
Processor 6: 825 205 785 519 905 774 406 946 109 260 470 67 955 354 285 91 828 103 271 1819 
Duration: 10977
Processor 7: 505 508 363 895 722 114 302 71 949 564 587 764 925 755 521 111 731 555 145 908 11 
Duration: 11006
Processor 8: 786 946 950 55 228 532 875 892 848 888 278 767 66 531 71 160 349 410 1375 
Duration: 11007
Processor 9: 660 802 172 843 325 314 851 144 55 847 105 903 532 275 308 694 246 275 2650 
Duration: 11001
